init_position:
 position:
  x: -0.40000069029060686
  y: -1.399997242795484
  z: 0.0
 orientation:
  x: -4.774258238938937e-07
  y: -7.854472764616271e-07
  z: -7.048245567022961e-06
  w: 0.9999999999747387

loading_position:
 position:
  x: 5.341925879402514
  y: -1.8961887796097754
  z: 0.0
 orientation:
  x: 7.695683537936773e-07
  y: -4.8626734926175624e-06
  z: 0.6523764051310154
  w: -0.7578951286319867

